328306
360190
215754
304907
376614
387840
346318
208197
197845
337068
376972
321649
350852
360035
310511
331302
363175
218761
290996
379320
524248
227104
233674
247513
338881
371877
288345
216536
215680
338909
285670
257205
342354
369511
370430
371805
171738
265269
288348
371115
255321
377865
210605
237091
214454
344185
394711
271273
378285
267129
352754
361914
202671
358826
310878
379337
323565
379191
233430
232512
204966
229418
337773
221862
346470
185322
380482
353122
285444
306398
241574
364882
294755
344169
365069
362553
290065
331637
338682
371319
313626
294129
344479
234029
353063
371393
338528
377213
325754
319421
267141
224534
284312
356801
358176
386999
206799
241085
297866
308842
384443
306448
347713
236933
201114
359148
346914
222506
327157
374536
369583
181347
380988
344148
377957
337229
344840
239845
326040
249642
241159
254870
360342
356803
324194
296900
379212
320106
324211
360080
227359
398139
316024
357240
357182
392211
281585
356916
379454
290779
389511
388767
279928
380105
252059
343990
289157
313513
353177
278850
361224
357398
294104
326337
349979
338377
252261
216815
291952
275136
267545
285438
219808
237608
312304
308722
257695
379306
394699
387997
306704
232963
204756
216381
324738
363346
357190
242685
193249
354165
338780
360330
350881
293744
366034
242171
377477
379668
317454
343048
359644
344359
275120
363507
258635
363312
246405
220193
369636
210729
318517
378988
291733
346705
260604
360322
329966
325452
241014
235403
353651
320677
262557
207072
365918
242104
300206
338680
177832
382928
287305
211910
287782
320837
288823
210487
359637
379985
371529
329195
238808
379394
359410
399821
371621
236817
164811
232593
344290
317506
346707
287226
344391
319567
364049
177699
371911
348030
386305
324003
239472
343001
376107
393075
332512
344284
358955
217888
295324
291907
205897
316651
266017
293210
270131
234798
248835
380384
518084
357006
257676
353693
364917
346842
316213
260639
340289
203313
284535
360727
356559
371416
359632
296673
316929
198036
305475
206903
270704
217987
203774
294334
342015
365468
164787
379803
273161
386106
361587
221579
285383
215842
306461
344339
306656
202387
318614
240373
216475
319102
316605
374410
265971
401370
272027
299215
317311
317456
302818
229275
291838
317195
364935
294746
270690
306762
322707
357457
331234
251625
353595
318895
329508
379546
220312
169953
317000
180731
306213
338642
291947
232634
263797
317369
270344
330168
209317
237839
357444
350872
371169
369395
316904
250295
345841
320025
317134
349535
357203
342355
399868
293131
344226
317140
344978
338211
344071
263027
379727
306818
293147
297659
296641
339209
338530
317446
377834
228527
400513
352175
337338
338483
260425
343835
226873
356563
370543
348802
361076
212296
357432
302533
267594
286456
305461
259649
348497
338451
286827
340600
306916
379001
366620
222772
343636
339872
343867
233705
295675
192544
355772
402194
232752
237873
341990
317596
326983
290244
380110
253800
300085
229266
382915
359648
329504
246991
326445
282019
238285
287425
338820
338721
356796
243108
357356
267354
329592
389550
362396
287181
194053
267779
338662
375367
297987
353463
368076
360152
251052
389639
279244
301035
371278
236034
353527
324179
352852
368187
230700
306074
246797
379211
343996
330865
359261
371518
375772
379528
352749
357225
334108
306846
344147
352844
316154
177453
389624
379319
320402
234291
348600
285518
374258
337551
228901
340705
371918
222902
306522
356450
233915
321124
279271
343226
338645
294332
317820
274159
308098
399822
317312
312915
317638
195498
241535
336412
368426
284881
247108
211970
371893
338810
292522
288471
359754
306666
207206
244967
239883
355524
303210
219021
362885
338647
316913
334832
364985
349866
344348
352858
303371
232782
181116
306622
306838
353171
326400
341818
372135
375644
260642
223293
286866
226415
331161
381108
357363
287584
320800
239000
207130
285327
207003
363338
355618
184770
183604
338874
316928
381918
256076
317778
368537
338501
207064
332825
209839
232099
379840
217577
326785
317716
387110
361842
377609
271084
229894
352760
231961
302576
285643
288469
346531
364581
344005
402222
285464
380425
371783
352464
228617
232083
225786
205339
338342
229209
390380
379214
344232
247491
310047
260561
213731
354875
365667
285646
356026
357294
264292
377214
356891
329472
370046
242588
267766
344374
359876
296260
317445
354045
243593
308801
306235
283040
317660
331482
371935
353771
379602
373238
352809
232693
359965
376497
226419
351035
247586
344104
232514
285324
371738
228206
346092
240585
365082
231928
312155
192491
239888
291910
382910
202244
344280
261918
289557
378098
354338
309834
267343
317145
293751
296246
365720
286022
317796
317381
368363
379482
179638
333651
353988
161109
195108
344409
237683
344384
317584
377822
365896
204128
266181
371044
344445
354226
371541
216563
206949
231893
379343
357706
371921
343573
169213
282777
354340
305178
357080
281376
317429
298117
296257
394731
285607
288232
321645
219754
331368
338409
360890
344441
371132
338337
343959
306847
174855
344121
362950
379941
379565
322991
378635
317162
394600
285118
379178
186330
243937
357329
379292
289472
203904
229566
357560
219717
356852
292329
232018
284926
317334
317367
188434
379014
275061
253512
373036
379934
338679
306676
344021
357400
322031
226988
379480
306969
338499
356909
321573
357163
317329
312410
317647
313229
287998
317477
285436
280100
258964
306814
297253
379445
379259
344493
371322
236335
338913
231898
257691
208157
288094
377975
371615
314528
322257
400533
354225
357675
239507
338444
285500
375535
342129
358732
357337
347117
338640
315385
230552
245700
354061
344074
359447
284899
371617
306894
299864
278047
358067
330242
356106
306350
229195
343834
285022
278466
252388
375242
354266
338639
344475
319629
316945
207924
210282
371695
379568
306943
361841
233427
231074
343987
229146
204532
229326
357333
257813
343807
373425
285638
223023
329197
371672
267897
379813
207022
214256
344222
343937
379426
254667
243016
284762
343878
273796
331142
315457
203879
357499
402241
350169
306335
353293
338655
317046
327906
371614
227134
351529
320676
306835
344897
317605
334022
357386
317252
353969
214618
338716
297800
313021
357601
223864
355389
344191
219641
371933
238569
325011
207452
185988
343968
229517
356923
375726
288981
311925
346603
232520
377292
371141
362705
317084
244422
371155
249700
285529
397191
317721
338757
376390
306784
380889
375515
363245
362926
320146
357555
285655
379451
371551
341224
214939
239466
344311
349739
343642
285382
343761
355833
371050
356610
357327
256380
329384
385311
267788
399652
214709
338442
340810
333206
371809
273644
273326
371076
362064
267513
338540
307603
354098
308019
317423
223253
296273
229544
285303
249930
208614
345736
354194
243794
356911
322694
338800
240510
357150
357384
317581
317042
363457
306724
371667
285515
281788
371072
338542
306741
306307
207269
289622
339858
352888
352781
379412
299489
524208
317525
335537
342711
189457
338500
283062
375645
255773
334943
371424
344029
354010
357605
207185
356461
328239
314005
331817
317281
357099
251619
228623
338782
343850
285319
359251
317339
338890
344467
216768
371494
267745
357579
232032
278747
357392
356668
338547
230609
285332
317040
291782
285263
386340
183096
232565
308355
338427
364697
230032
207382
249109
219290
206994
343247
356669
352715
207300
352895
206845
379490
382800
216781
291195
357772
346187
347022
369170
353067
338614
317118
254782
356843
370794
267344
338918
207089
230033
306177
338308
204414
371609
283612
347467
371575
317238
267773
351407
317610
516140
379321
226294
338555
292935
371636
219084
232154
306883
349244
235813
207122
219212
288189
299978
343923
317389
357355
219438
276681
231796
329982
229335
336844
229630
361049
400580
326524
287653
357690
325948
371904
217721
245003
324527
307875
377069
380142
402301
384514
211152
320765
402237
231139
379501
344177
397190
337188
251629
371912
320613
231475
379690
320935
215351
256471
160778
360793
357399
355913
366900
371657
378334
220975
368431
341578
343933
357534
343077
357466
219471
363969
363807
357637
338912
275157
345347
322805
215344
381948
370527
362395
358518
292029
371697
354112
219632
360902
333380
368620
349312
334523
317097
373738
340230
357265
344096
380016
354784
366623
371107
307048
371687
357279
368899
369680
344466
379531
317697
357604
352413
379618
338356
357161
356957
317693
336035
327837
287846
364355
185779
371835
357506
354117
333371
343714
332453
338372
389552
229170
344162
367018
379217
334913
397964
344535
324199
306190
366339
317787
370954
368650
357464
338756
379723
379448
285280
367356
354053
318955
344392
328094
357443
371366
270237
231890
344351
323040
328349
355091
344176
354135
379324
325402
211050
275937
289561
346685
338415
317655
333065
306901
339849
341970
357160
338564
232661
338893
317272
343719
344248
369105
343143
356822
372413
330190
284837
354133
345035
338843
332325
357349
379665
344247
346587
354238
285210
319663
340389
378736
379467
282400
344678
350879
340787
379786
267332
343922
354115
200340
355779
347118
343653
317871
188946
357758
235795
345721
379222
363911
226938
205186
172878
377920
338374
369432
306459
363977
317296
354150
285566
379725
243943
284894
362543
228004
354198
352866
317606
357503
378938
327707
312004
357001
379545
343999
379166
317708
285423
277569
210951
339115
313022
346846
337218
342155
232649
376341
343977
323991
306102
232558
322994
340473
220722
301812
306549
364595
232372
316650
226703
319606
377103
290571
370647
343816
306236
267735
306472
317758
317188
344334
379241
317809
235644
285918
319914
352946
284769
268220
317007
344291
231799
285435
284946
367132
338715
219082
343817
327974
220914
317211
338490
249079
293338
311164
338857
285539
371573
344516
285033
297658
290645
215481
267604
306465
297287
249090
360804
357057
317624
309836
372136
357430
321538
231966
306392
284915
285040
293518
284880
357486
285134
357381
373907
319340
219065
285243
285270
354258
264273
336151
352439
300449
338691
231949
371334
340222
284859
232742
344505
273331
250659
295536
207236
232594
207021
379808
223386
317653
225219
258532
379189
329893
206145
285034
261415
227379
284770
338812
204416
371103
311492
334071
284757
219160
306709
287790
267406
376546
280330
217125
355176
206919
317113
306062
251787
251160
354038
296794
268413
317115
269172
320238
354106
285514
338570
244781
170743
309511
207443
230423
267550
233092
207069
306421
293083
238862
352846
337947
284906
284811
285223
356857
283210
319198
317187
350353
274018
316912
284694
306086
317224
285919
207654
302256
232554
379258
222492
162676
338507
219035
229509
284827
263582
232257
315766
221983
344207
322621
324093
172618
315438
300577
219378
227568
317266
215038
307997
202923
285282
285105
169974
356249
306283
309886
297294
356862
232629
311503
344258
232265
354207
262076
228169
371803
344396
291611
306574
309050
219375
243330
317100
300805
317399
232045
310223
338877
311814
232780
285378
232108
232678
356350
344483
225232
306509
312285
285358
354040
267362
267298
317202
226399
285286
285318
185071
190962
306749
267297
284928
329891
211758
278922
285231
354211
295891
200924
220619
317029
285361
232677
352784
316576
317045
317303
311611
219377
352765
232550
229551
311490
338487
205008
219096
285213
330692
313127
285595
199300
284845
338700
267318
308354
306934
230970
232776
357267
329422
316915
285558
370199
232048
306637
284821
306767
307999
232055
277969
224174
257597
285388
236982
173439
314720
285376
356967
293885
174095
357369
219431
306066
259248
290686
276818
353987
219296
285474
233778
181166
244271
316278
348761
249456
306395
296265
232385
338588
267811
357561
306060
354159
284741
219207
207285
262615
344323
303104
232181
178053
288624
306947
321837
259618
217434
344315
232500
267407
299639
257461
207241
206301
343805
352753
254448
289083
270964
317275
267756
302261
294302
267349
294374
293484
223911
219195
232106
275886
207339
253381
304863
317016
285176
285144
232212
252530
205573
207460
211861
232080
203819
298021
244954
213213
225784
288804
232497
306539
284984
303213
317251
270796
231816
272653
308805
235197
257137
306826
219181
207423
289273
243630
219213
286509
206895
208015
285472
198852
207088
306363
230271
247166
232669
204175
229459
223348
209246
306119
219077
230633
237630
285262
285946
245986
286626
306796
297296
315793
285364
214577
232556
307611
282621
193951
207334
226336
192358
354195
232319
298580
258718
250132
285365
269558
232539
172561
207107
256202
306646
317284
212422
267780
221987
171105
209907
285299
215892
252521
219476
206948
297725
274813
306450
215363
207174
214363
231822
231846
216905
245482
289500
267337
219058
198037
243733
232706
306381
219171
211751
243735
219326
219153
344004
199668
279242
178049
219122
219323
232547
226434
207321
231803
224948
219215
231973
242683
221774
206867
207428
219016
226334
228372
232701
209439
212089
219183
232447
161071
306873
231903
229502
254349
204547
210488
206606
268007
274011
285521
279668
231937
201971
206911
207418
262078
256020
209789
221580
206941
231891
260176
231802
237100
265209
204412
219076
371547
374439
338031
245176
393805
273479
343964
241173
219091
205779
379255
233095
352842
332342
342138
267334
370719
357039
371532
363996
354257
282893
239258
316422
318247
316069
313128
219197
231957
198018
360577
358314
287931
227517
358888
366904
379960
358267
247458
379588
317320
306777
219591
334000
338539
232481
262993
207019
277778
356974
306271
348547
306804
357656
204056
294552
328748
219146
284238
379193
232592
337954
372137
267729
317830
357749
284723
368439
371474
261506
352831
320844
395453
306850
317762
284791
289436
294337
292981
202843
317327
232644
357414
227971
519157
204063
357903
371851
243738
317234
267665
223778
251433
343920
289984
357380
208384
298670
279569
290552
232190
284726
306925
317031
208172
338304
369632
292624
207344
186898
208987
278118
319710
232179
314161
318020
283211
283639
341625
285427
173924
267741
363786
322289
209434
322037
339446
286374
343724
285803
286582
357334
261223
317191
298022
282748
353525
351098
344228
311816
267781
337902
316537
382237
260905
537198
404723
773692
554119
469939
485538
437384
358617
363605
403149
430480
356438
356292
402828
358599
469952
484283
360412
389991
323358
374813
301343
466629
376831
359352
447151
459406
308458
285979
334907
363593
460205
586311
392575
394869
360647
351097
496569
296609
403852
410208
418657
463666
385136
355445
271823
318789
641149
352160
473017
609110
409299
588078
370863
363018
283208
415761
280665
349833
609033
497520
289248
416629
440859
693004
413474
495723
347652
473179
522739
393808
320486
365614
489415
391091
350137
364698
403368
455194
480190
315946
292206
423237
551799
492061
461806
448403
382227
369692
299972
485319
316770
382380
273099
362333
270119
484833
487060
498082
286181
374434
518322
488720
369643
435365
681168
389144
352415
445365
588088
410970
436083
488220
407626
334427
404615
380611
613121
374696
465830
367050
369844
260748
438986
294324
606139
299444
372071
356472
423774
359953
549402
263132
494197
418089
589515
556184
439286
330796
279275
395075
783046
324627
432497
421867
479371
348786
457514
747286
345979
358365
319562
556678
480730
334914
591279
473962
454459
330779
385561
389875
359043
789688
487053
308155
590394
271644
355581
382482
359402
460963
433629
403981
605007
402555
494241
432000
362299
481574
379114
382382
447477
355838
515478
317930
284653
357331
395089
608217
298713
335648
440966
316564
484645
469146
385848
389384
496287
304059
479686
260206
327111
491986
585529
270454
406249
391789
497167
357549
392598
415838
482216
466660
680394
255772
486822
305508
398337
266886
492164
571100
410434
485228
260054
318705
786036
322622
471563
692062
393241
283875
349058
380656
276284
342504
410256
748883
786640
437118
429613
295827
401042
453755
489310
333187
486097
397770
372234
484856
477336
292139
353851
575574
397534
89895
414975
419607
601145
381611
390691
407933
479625
460249
786098
347205
266971
420461
332738
481789
282437
435177
457541
469320
396076
431657
279102
345920
370387
393419
312189
402639
463621
581746
422152
557040
478914
281716
439213
368325
737222
324119
543076
529096
732034
455066
495766
402045
444934
494271
329266
326444
323172
495261
411935
370221
388321
381640
473713
385837
413533
530670
318359
297676
372852
397506
753389
415741
584335
304739
346967
727277
500077
321997
497181
635544
495595
301999
394340
309650
267539
361574
357515
762175
448517
482643
786732
381951
264736
478514
421052
750319
299509
203576
600044
460328
397892
547474
237373
336486
333248
579354
583529
532046
358128
347090
318007
458857
589167
616054
191051
451288
791543
431795
405597
521486
313087
394861
402748
359290
427294
359396
417116
273726
355241
292776
375570
332262
534360
427276
363938
363767
446802
801430
296928
485937
351301
400248
429177
691182
543056
388561
380893
361185
360523
368475
360791
483856
442164
367815
406346
746941
353795
254613
534822
706021
577915
386660
515525
390805
340404
474338
465570
497625
350105
485651
424325
419752
312404
440166
446888
322926
587285
275177
496122
287031
696362
345911
459776
546404
386472
454174
730015
276470
446320
589143
470701
266890
291286
319587
242292
313691
674818
441372
385899
673780
584659
764238
607125
485829
384229
688003
319052
468557
269147
368267
343887
499142
487136
482214
375755
276660
469083
371426
382285
769609
404540
454803
545066
391354
793019
404093
592532
735005
398464
493074
402553
489192
323696
361067
350438
609127
467323
549333
414260
402994
272013
295187
309801
298161
361870
283814
672412
548285
481169
347321
269659
433618
565204
305531
410516
311909
301664
255843
437208
175800
380966
464043
313860
519038
578956
517150
377096
414920
357671
314146
333512
540562
354564
394163
609583
400833
423714
388455
384172
799684
534056
706106
249030
725506
374792
428627
383264
442194
445908
275437
468219
318525
342207
584069
314280
370786
359922
319487
456261
370016
370075
363307
487576
355954
361645
448084
327490
310089
480443
430893
485466
390801
353884
375415
785404
438518
483241
291735
468664
353292
346048
574351
456394
457957
550283
354180
401866
464126
789011
293758
529107
177640
135695
604208
297953
287947
332358
682264
586344
497556
473961
371524
378258
442689
436804
330911
356369
564074
415623
289154
326214
432344
492511
494665
352182
681949
254612
411688
529600
585072
575699
207416
591148
309186
263697
311857
592323
494216
460635
369795
770343
286611
336874
417828
361708
327007
677940
263187
282049
532128
433172
355837
766250
337396
481274
298586
398359
518763
494686
517570
584415
318052
499055
493306
488770
603042
453980
360024
492721
336716
356087
586502
367929
321499
328955
465270
517572
740018
459568
565554
347904
387382
338543
310468
347057
341708
283833
425069
180043
528570
710214
627108
474093
541721
569020
410745
327093
470192
590588
375732
497740
770698
365190
384520
563057
255879
734195
614356
727005
448800
749299
348612
353332
557126
770394
619159
729520
360603
398312
322051
459618
394369
589299
481816
387632
311517
606135
477784
441932
359996
694039
726030
287323
576980
187583
350383
417034
392397
440004
363816
766056
747947
330895
423523
457931
382673
746522
578800
481586
445057
401058
785083
473003
803368
391990
363950
787388
274260
375609
772701
476436
711071
329897
361307
378378
424626
473809
286493
325064
446845
325092
403893
474189
298361
465964
370969
733354
376312
748907
500053
255317
430716
376296
385157
392340
585065
388681
582895
583545
527969
532066
408003
383397
421790
312765
465820
369882
420740
697037
464229
577265
528038
319409
366671
354867
763309
391278
434494
551701
755065
414183
578237
390925
374709
323833
488062
486468
412566
302490
552467
673640
590560
283061
602054
377372
337981
402917
371554
684054
360799
278652
200023
433507
540904
574315
312960
313561
357286
545006
724247
426363
206277
227939
493158
550752
469072
557024
282105
356312
350833
311959
453613
473337
457904
758003
494699
351949
259852
363521
580693
464511
163384
715018
252995
573605
587653
391210
302814
283022
499204
366311
280179
281787
146920
680818
379070
223347
490934
401821
356133
602091
439069
126130
411317
364151
378388
528825
358064
266506
576661
473659
466276
178673
367546
418885
297354
550232
264986
437573
529099
341037
539673
456008
368787
581260
379228
529244
675566
384424
767343
355078
464067
322575
241243
487046
424147
764306
472091
772561
323110
369089
748212
546314
359607
473829
435269
344827
484370
454587
333246
270224
368053
319066
385135
548262
744938
769322
484656
473622
114801
407569
383179
357587
409903
306203
352933
611108
730217
428511
257770
460044
341507
443133
751545
634698
767223
732083
335136
498700
552200
789644
252194
496158
378916
463980
642053
268317
500008
358500
396919
360652
481759
308565
276692
447531
695216
273006
547367
352066
348857
275992
552698
468246
565411
403320
335585
291382
726226
353952
693346
425584
596221
387811
306655
610002
352199
343571
477016
459035
556612
474281
598179
487994
340786
491487
390483
533415
696204
457841
390737
237252
415099
271551
772068
599130
434897
471744
343729
274549
770320
264272
378717
606039
773940
534947
565395
350155
388316
269057
372861
748287
427180
346494
278906
370707
257732
473507
497707
479112
725372
792358
750976
386461
457498
475778
359501
341788
494036
261881
739293
331884
429521
251785
592021
384750
753564
591124
488353
388986
543330
432589
396147
285610
330247
729241
758115
475815
749195
296806
314733
497632
554797
536434
273901
448482
363383
338897
781030
417025
366580
750265
597023
459146
496549
421921
248422
451451
254166
383487
378060
490435
379587
401731
362235
618035
278156
271547
578604
537504
609154
373986
326750
466564
196794
565261
389731
440463
433549
331791
598169
368493
687192
360638
375647
364714
492637
549810
522213
588339
728017
746125
727188
277703
542822
554571
399295
591472
231988
371550
369516
493062
454161
394218
329406
391630
527930
402906
394150
360344
364466
470343
327000
790078
754309
297007
756113
471302
565001
371590
330149
725169
491092
530465
642379
475147
441110
353894
537821
412336
392536
725003
496310
321530
468459
280236
678588
768317
430110
681495
443983
310341
391398
410268
417719
419233
427677
354711
787240
386567
591533
450137
346718
543012
404842
345518
489866
400173
160959
532772
398024
238030
565190
363599
477290
753155
325074
299491
390119
356758
203387
480095
674846
328720
438879
409132
612128
469642
400199
748259
374399
422734
352623
484274
482907
599041
765768
575631
494126
496668
773694
335108
779036
355352
631111
451293
674117
680086
733363
749560
577324
339941
395082
445728
346861
424523
395081
604116
758103
462061
341992
290749
746122
344370
582382
460728
358691
592191
362477
496170
771321
571443
351658
327218
352166
338136
528645
253067
160376
431952
201231
290561
374364
421100
394204
547441
361326
599111
396912
478772
203004
394713
471735
604094
356877
370109
612133
769740
404094
329423
353637
687193
772760
355862
533136
384928
326965
259982
324882
472015
346456
493276
334681
400634
477527
319632
539355
481857
359588
305533
320086
364314
530402
160202
413713
212037
704192
491614
453484
355554
585240
767362
381696
285928
768552
328368
330035
381609
611223
604914
212455
613536
589550
599050
269050
550546
727376
212156
444615
767161
546676
403285
742172
330258
588507
730386
534188
354048
485863
433173
551870
462089
733151
343585
740298
359179
534935
516649
789035
410273
570348
728129
308646
377806
442879
524053
544201
556135
551270
488032
279621
767934
110202
574655
676623
346930
411678
329531
184002
474252
748122
614258
441361
357275
753203
345737
332623
331350
372232
739074
416894
280711
363622
266064
632210
316094
138718
529027
751620
437811
744876
495803
390758
350452
588551
402786
432742
390802
315779
386537
747413
263982
300520
588304
396961
356773
213295
486456
351496
376000
574971
340446
387643
793356
583214
522670
599216
376639
518592
305814
390059
335109
613092
378571
753324
449289
342339
276002
767650
794899
400208
427685
545861
320449
356664
429993
751583
724095
482145
278321
773584
761227
729379
336640
564061
726428
328396
483825
19121
327302
634175
588095
729051
521532
459751
773621
766156
253407
213743
184146
381421
482915
325161
350952
442990
598177
387120
274231
735222
582725
461405
556139
349884
450459
751882
319681
553252
318935
613085
291133
287503
409501
689214
507268
535200
309856
416903
333488
764212
372561
548858
640302
385188
438515
706129
322301
613210
239827
336806
485198
326952
322092
335740
544557
773938
401677
396425
751403
401982
575762
200959
373652
339001
366238
621255
767322
283325
396533
786445
530971
377568
330945
500050
383749
749815
324749
520699
611090
498617
531204
286290
188773
466214
556020
256725
550172
553375
547169
321653
373878
244778
450739
569027
104445
301106
366877
548254
789381
674158
100806
791201
547061
371040
490347
731110
402918
733355
345456
685031
497972
576660
437894
281129
373506
485340
418532
728399
326565
464991
317943
433722
698298
409210
437126
371564
347303
605008
399468
500497
599018
750292
390806
370877
591529
343271
179881
362310
374613
431682
548232
598038
678161
748729
371342
785032
355684
355725
584101
445278
396720
399200
576354
435438
370019
519240
489997
307711
343486
201438
371097
363609
499147
548929
676250
166560
760345
642383
376683
366700
282933
727366
555725
482213
390068
773271
318408
216733
616246
372235
290171
743074
730443
432609
353297
429752
405652
753022
247080
491372
443309
370121
250543
321994
636571
787088
265675
383446
363171
270859
476832
431301
479636
283023
547973
375698
365451
336502
755359
278539
606040
90197
334023
676943
330591
356455
371054
119361
607217
680789
791115
362925
588373
481176
278969
217076
740184
258692
587607
638643
436866
381050
778011
287086
544847
334091
571273
257009
230622
356537
477199
757091
12073
297977
403823
403809
293753
598263
317611
396885
596153
747963
362686
457125
461031
437135
563200
220131
355984
581938
574060
462548
596007
789691
680545
531657
256533
609989
374590
489377
749355
389924
366896
272696
324994
709148
332192
487363
517547
752475
424224
311407
310505
750542
552751
352654
352130
281565
561210
421072
372872
494812
374404
764596
584295
348607
243904
339800
348828
461712
380286
237360
570545
442549
110351
289508
438684
349173
313649
410394
555360
375942
676501
548839
610168
285673
584231
436663
496676
381988
368728
462812
347577
86445
521298
267233
396191
441886
320468
486424
557111
289826
378691
306854
542012
564174
544391
330429
529597
372686
424944
482493
759038
334927
486312
603150
554208
89766
479846
371822
89948
268269
329689
568053
236682
748679
350209
590477
523555
347505
546129
162129
280117
676184
126963
249765
181987
275489
611219
163918
368110
309577
517152
675340
433681
751824
172465
574337
533695
469336
347391
350842
475344
325002
323857
372864
385703
773713
328405
282209
326817
391583
396349
758313
488038
758274
338187
399766
599022
731188
549271
244296
352908
275042
586017
175908
285374
373387
378625
379477
350122
259864
221174
291396
212633
573693
489190
352362
403020
344366
583571
358453
675191
796071
746814
613072
472566
500622
757243
440587
361764
641509
250252
752521
347510
472506
398307
345086
724405
386098
786464
460037
369267
439864
385508
639839
604215
482073
366351
448801
235544
407582
20041
575686
449755
585238
710283
326500
474360
528846
316892
77849
306067
576249
751082
746481
758110
283100
589011
494192
382235
580044
222248
579321
231415
72205
276792
790308
350071
238688
456240
545822
305382
317580
402845
382862
315079
366761
178210
379435
344492
384865
430503
766053
369634
481697
533419
291296
587646
612937
751174
246365
796283
570058
355787
311198
286854
565598
399829
423368
334081
422363
359318
591128
768257
358239
392863
522607
692284
398993
724425
351138
351795
408007
344514
577808
745083
180865
447397
772981
523389
584631
405320
379543
453622
536637
257760
330996
296474
316493
139742
556389
357094
175945
480740
357553
536455
362107
356373
400287
401442
66733
191291
155056
746148
384002
361377
414051
555731
753671
750972
368367
786559
367679
344051
378512
450654
458666
330057
705004
536010
519570
327210
483563
390831
242539
352479
418004
533880
431506
538400
605675
278694
336564
420000
241849
482889
412035
386302
403103
791734
346816
727053
391550
681989
790342
178152
537768
302164
713001
575843
334552
792392
376069
732267
347795
373793
427058
787358
692206
546238
537782
418291
382723
367393
554111
373359
747968
351067
306829
606180
452166
179428
778001
528710
263705
447966
487039
392491
531086
487141
486975
733030
749515
437244
677906
320263
451748
151379
680884
97357
726268
239969
264491
769501
385091
570052
327838
496542
697418
489813
190875
582745
392841
729114
606171
412467
424463
215631
375592
528056
226652
346803
359991
592229
370160
594273
413286
676315
610000
222406
308058
580049
17008
625064
494824
401463
471308
371135
460361
394118
81003
299810
298137
16023
497974
441623
420789
785324
251485
384891
361172
255187
517357
538196
635062
358271
376830
590236
439593
409438
353275
81195
307557
410614
789012
462851
786017
291792
309973
681050
348015
519369
378955
540596
383969
733424
393927
361801
413817
310225
310993
350741
586512
234968
612127
289680
487955
370455
392887
361837
321350
361789
472798
266004
725267
458101
484083
428621
375316
115471
247699
628541
376990
736120
348038
767284
382829
395118
90592
135550
597238
286662
300453
551215
771803
289376
296433
528616
333399
265979
268492
288099
549037
470603
527166
583156
731352
354934
650102
363603
350156
343649
203735
747568
306840
539985
369204
373122
298961
793457
584531
551257
473988
608144
692049
358933
297310
746211
629283
342048
574210
146675
97255
320101
528411
303806
529432
361633
766091
569105
521116
371611
319490
769731
750891
382587
366775
352648
304225
767988
97943
519742
359535
749823
424880
297138
385252
771036
10107
746095
599232
389491
388494
700357
676128
457192
530853
352672
706147
273325
321453
395144
301981
459709
550270
750298
736075
428287
66798
549304
408863
747080
313531
747236
18125
497731
263255
435455
117596
471246
374405
569099
358110
728034
360838
359222
462805
225803
404807
306942
605132
497165
362909
800090
234794
96867
345495
622019
229982
767655
390009
343625
327913
490785
764725
445655
630528
770470
512185
494094
746231
437664
482434
334490
596124
275875
536612
303949
744871
236313
459267
292858
425400
555013
488855
437984
772386
515040
683177
267182
398080
354011
372994
265690
521056
409697
385739
545110
516643
315496
363737
201958
564319
756105
406378
768192
305625
282882
220152
255199
273792
471443
698363
257470
678950
681139
353431
453306
397970
443349
191607
527249
420405
366235
320185
788745
582749
363382
166813
458977
181004
335748
363103
311889
372107
586546
550024
730513
530827
440334
379109
557059
610150
347645
529895
595039
605222
299757
398871
450980
430983
529973
85859
340391
384417
353858
383930
298591
419374
126064
734145
546621
171868
291056
275779
211314
397851
402445
584588
574344
332077
368402
330410
271709
604581
748466
579646
556584
348344
343155
482578
766071
441518
595128
786313
158929
401910
725293
298918
316566
368032
299321
405964
273512
389494
729047
544641
380856
371212
335092
270592
286623
269250
455102
153848
302953
411269
498170
383030
575369
505226
479497
399030
352839
544639
295490
118859
573282
592402
679084
441512
643152
538422
331240
603025
375978
322096
530955
681452
399718
149500
346052
544501
81251
393849
587215
300641
313493
421002
403383
331563
268128
384133
576860
367976
435379
544044
235898
366074
739285
335963
301886
598047
359935
492577
344293
356941
532438
305459
255762
587260
251803
425897
573028
388400
555224
548651
498126
401366
202523
584255
464228
90644
437175
455740
90355
243332
744119
89977
338386
699340
393167
288358
794321
324024
368116
100852
519113
588498
594066
432114
639892
409262
242159
359360
389374
400285
355256
549216
448112
371960
363097
365158
527865
528758
402780
756147
485280
771337
336041
772223
358316
742225
334569
454972
359310
352620
697387
591507
254585
371056
642506
401473
348706
542808
263740
725400
545661
588260
340384
383688
331006
561400
539812
365699
286143
485457
241176
293416
578275
168066
359743
374788
263321
358124
765295
701044
377811
634779
375105
554677
680117
288239
403966
342827
447697
500588
589514
416777
605215
544790
393513
673292
754113
470765
625469
327462
316736
248770
77916
208495
527254
468564
485281
592070
551862
458675
340287
307666
340930
439058
700087
353262
378814
678041
385303
426696
341326
446711
348860
316026
376190
555436
607192
475803
379468
566410
627186
301325
427512
449621
90642
269160
362028
150766
266675
715021
552631
486127
553247
184001
440493
308554
174761
419375
378006
636447
448312
515750
725290
366612
355645
548085
321383
252317
352936
462052
751641
468019
115266
337899
391425
379504
97460
326508
753485
311589
436641
751483
323490
527828
589542
122383
642437
331202
460121
378071
376330
292305
296259
255405
338818
767312
356616
345864
727273
686164
385643
428674
457869
483809
537149
268164
329641
281200
458475
642575
362637
412867
376633
324814
365339
598021
728197
752261
250825
750521
386450
248028
261413
640038
328556
604085
750639
610715
196828
313576
786145
728053
342464
275385
783034
340308
155471
468108
273778
749951
704012
490553
271073
240502
335270
405134
259017
399125
612952
582723
693333
731122
362464
175588
374701
276521
556532
374733
267608
433451
339286
376562
324237
542564
11038
300650
728513
286311
563214
383250
360153
445051
344489
307686
748218
462686
150991
474951
337832
175418
550255
308037
377742
366232
349960
298103
335935
297966
361716
681806
586169
767356
308289
756128
464056
788017
540944
437572
325215
768492
210501
236310
311554
728039
340924
465560
483212
590581
302615
362362
370412
481548
216727
330176
309061
744139
416324
397266
710040
800498
630521
707078
768915
771861
725156
764841
757129
699183
767571
762190
749418
416079
175929
363173
372463
309211
426645
255395
340431
697067
392349
608026
282861
425561
419486
422591
345384
527331
355771
744091
300931
264119
768445
295510
638874
772773
361621
582008
747553
319583
359929
371450
368598
401070
769073
403996
757297
397671
230196
245835
569048
354783
338474
410484
491587
358385
376183
522581
337770
475303
549318
315488
370458
792319
399265
391317
333431
351670
302559
448659
548681
624494
487052